20,3
140,600
44
129,95,1,3
129,146,1,3
129,197,1,1
129,248,1,2
129,299,1,2
193,95,1,3
193,146,1,3
193,197,1,3
193,248,1,1
193,299,1,3
257,95,1,1
257,146,1,2
257,197,1,2
257,248,1,1
257,299,1,1
321,95,1,3
321,146,1,2
321,197,1,3
321,248,1,2
321,299,1,3
385,95,1,1
385,146,1,1
385,197,1,3
385,248,1,3
449,95,1,2
449,146,1,3
449,197,1,3
449,248,1,3
449,299,1,2
513,95,1,1
513,146,1,2
513,197,1,2
513,248,1,2
513,299,1,2
577,95,1,1
577,146,1,1
577,197,1,1
577,248,1,3
577,299,1,2
641,95,1,3
641,146,1,2
641,197,1,1
641,248,1,1
641,299,1,2
24
50,500,1
50,525,1
75,500,1
100,500,1
125,500,1
125,525,1
250,500,1
250,525,1
275,500,1
300,500,1
325,500,1
325,525,1
450,500,1
450,525,1
475,500,1
500,500,1
525,500,1
525,525,1
650,500,1
650,525,1
675,500,1
700,500,1
725,500,1
725,525,1
0
0
0
142
114
37
0
false
0
0
483
114
2
false
1000
true
25
2
382
339
0
74
36
